5.20633
5.20633
5.20633
5.20633
5.20627
5.20553
5.20404
5.20306
5.20161
5.19975
5.19912
5.19784
5.19628
5.19504
5.19369
5.19223
5.19064
5.1894
5.18686
5.18497
5.18435
5.18292
5.18137
5.1799
5.17841
5.17646
5.17492
5.17325
5.16968
5.16922
5.16738
5.16501
5.16346
5.16167
5.15923
5.15814
5.15606
5.15433
5.15209
5.15034
5.14871
5.14683
5.14385
5.14282
5.14042
5.13866
5.13667
5.13504
5.13319
5.1311
5.12806
5.12589
5.12507
5.12352
5.12153
5.12001
5.11806
5.11626
5.11488
5.11288
5.11133
5.10978
5.1078
5.10603
5.10466
5.1026
5.10096
5.09926
5.0971
5.09533
5.09257
5.09051
5.0874
5.08488
5.08167
5.07756
5.07367
5.06924
5.0638
5.05792
5.04914
