0.4839
0.4839
0.4839
0.4839
0.483896
0.483843
0.48374
0.483673
0.483575
0.483451
0.48341
0.483327
0.483226
0.483147
0.483062
0.48297
0.482872
0.482795
0.48264
0.482525
0.482487
0.4824
0.482306
0.482216
0.482125
0.482006
0.481911
0.481808
0.481584
0.481555
0.481437
0.481284
0.481181
0.481061
0.480894
0.480817
0.480668
0.480541
0.480373
0.480237
0.480105
0.47995
0.479695
0.479602
0.47938
0.479211
0.47901
0.478838
0.478633
0.478392
0.47802
0.477736
0.477623
0.477399
0.477097
0.476852
0.47652
0.476191
0.475927
0.475519
0.475184
0.474831
0.474355
0.473909
0.473548
0.472989
0.472527
0.47204
0.471417
0.470906
0.470122
0.469546
0.468711
0.468061
0.467277
0.466334
0.465501
0.464618
0.463618
0.462623
0.461273
