0.817572
0.817572
0.817572
0.817572
0.817573
0.817584
0.8176
0.817606
0.817607
0.817599
0.817593
0.817576
0.817548
0.817519
0.817482
0.817434
0.817374
0.817322
0.8172
0.817099
0.817062
0.816974
0.81687
0.816765
0.81665
0.81649
0.816356
0.816201
0.815846
0.815798
0.815596
0.815321
0.81513
0.814898
0.814565
0.814407
0.814093
0.813818
0.813442
0.813131
0.812824
0.812454
0.81183
0.811599
0.811038
0.8106
0.810072
0.809614
0.809061
0.808397
0.807355
0.806548
0.806222
0.805573
0.804684
0.803954
0.802953
0.801951
0.801136
0.799864
0.798807
0.797685
0.796152
0.7947
0.793514
0.79166
0.790113
0.788466
0.786342
0.784585
0.781859
0.779844
0.776893
0.774581
0.771767
0.768355
0.765322
0.762082
0.75839
0.75469
0.749634
