0 1
0.010000 1.019019
0.020000 1.037057
0.030000 1.054114
0.040000 1.070190
0.050000 1.085285
0.060000 1.099399
0.070000 1.112532
0.080000 1.124684
0.090000 1.135855
0.100000 1.146045
0.110000 1.155254
0.120000 1.163482
0.130000 1.170729
0.140000 1.176995
0.150000 1.182280
0.160000 1.186584
0.170000 1.189907
0.180000 1.192249
0.190000 1.193610
0.200000 1.193990
0.210000 1.193389
0.220000 1.191807
0.230000 1.189244
0.240000 1.185700
0.250000 1.181175
0.260000 1.175669
0.270000 1.169182
0.280000 1.161714
0.290000 1.153265
0.300000 1.143835
0.310000 1.133424
0.320000 1.122032
0.330000 1.109659
0.340000 1.096305
0.350000 1.081970
0.360000 1.066654
0.370000 1.050357
0.380000 1.033079
0.390000 1.014820
0.400000 0.995580
0.410000 0.975359
0.420000 0.954157
0.430000 0.931974
0.440000 0.908810
0.450000 0.884665
0.460000 0.859539
0.470000 0.833432
0.480000 0.806344
0.490000 0.778275
0.500000 0.749225
0.510000 0.719194
0.520000 0.688182
0.530000 0.656189
0.540000 0.623215
0.550000 0.589260
0.560000 0.554324
0.570000 0.518407
0.580000 0.481509
0.590000 0.443630
0.600000 0.404770
0.610000 0.364929
0.620000 0.324107
0.630000 0.282304
0.640000 0.239520
0.650000 0.195755
0.660000 0.151009
0.670000 0.105282
0.680000 0.058574
0.690000 0.010885
0.700000 -0.037785
0.710000 -0.087436
0.720000 -0.138068
0.730000 -0.189681
0.740000 -0.242275
0.750000 -0.295850
0.760000 -0.350406
0.770000 -0.405943
0.780000 -0.462461
0.790000 -0.519960
0.800000 -0.578440
0.810000 -0.637901
0.820000 -0.698343
0.830000 -0.759766
0.840000 -0.822170
0.850000 -0.885555
0.860000 -0.949921
0.870000 -1.015268
0.880000 -1.081596
0.890000 -1.148905
0.900000 -1.217195
0.910000 -1.286466
0.920000 -1.356718
0.930000 -1.427951
0.940000 -1.500165
0.950000 -1.573360
0.960000 -1.647536
0.970000 -1.722693
0.980000 -1.798831
0.990000 -1.875950
1.000000 -1.954050
1.010000 -2.033131
1.020000 -2.113193
1.030000 -2.194236
1.040000 -2.276260
1.050000 -2.359265
1.060000 -2.443251
1.070000 -2.528218
1.080000 -2.614166
1.090000 -2.701095
1.100000 -2.789005
1.110000 -2.877896
1.120000 -2.967768
1.130000 -3.058621
1.140000 -3.150455
1.150000 -3.243270
1.160000 -3.337066
1.170000 -3.431843
1.180000 -3.527601
1.190000 -3.624340
1.200000 -3.722060
1.210000 -3.820761
1.220000 -3.920443
1.230000 -4.021106
1.240000 -4.122750
1.250000 -4.225375
1.260000 -4.328981
1.270000 -4.433568
1.280000 -4.539136
1.290000 -4.645685
1.300000 -4.753215
1.310000 -4.861726
1.320000 -4.971218
1.330000 -5.081691
1.340000 -5.193145
1.350000 -5.305580
1.360000 -5.418996
1.370000 -5.533393
1.380000 -5.648771
1.390000 -5.765130
1.400000 -5.882470
1.410000 -6.000791
1.420000 -6.120093
1.430000 -6.240376
1.440000 -6.361640
1.450000 -6.483885
1.460000 -6.607111
1.470000 -6.731318
1.480000 -6.856506
1.490000 -6.982675
1.500000 -7.109825
