0
0
0
0
-5.29396e-023
-4.23516e-022
-1.69407e-021
0
0
0
0
2.71051e-020
0
0
0
0
-1.0842e-019
-2.1684e-019
0
-2.1684e-019
0
0
0
0
4.33681e-019
0
8.67362e-019
0
0
8.67362e-019
0
0
0
0
-1.73472e-018
1.73472e-018
-1.73472e-018
-1.73472e-018
0
0
0
0
0
0
0
-3.46945e-018
3.46945e-018
0
0
0
-6.93889e-018
0
-6.93889e-018
6.93889e-018
-6.93889e-018
0
-6.93889e-018
6.93889e-018
0
6.93889e-018
-6.93889e-018
-6.93889e-018
0
-1.38778e-017
-1.38778e-017
0
0
0
-1.38778e-017
0
0
-1.38778e-017
1.38778e-017
0
1.38778e-017
-1.38778e-017
-1.38778e-017
-1.38778e-017
0
0
0
0
1.38778e-017
-1.38778e-017
-1.38778e-017
-2.77556e-017
0
0
0
0
-2.77556e-017
2.77556e-017
2.77556e-017
0
0
-2.77556e-017
-2.77556e-017
0
0
0
0
-2.77556e-017
0
0
0
0
0
2.77556e-017
0
2.77556e-017
-2.77556e-017
0
0
2.77556e-017
2.77556e-017
0
-2.77556e-017
0
0
0
-2.77556e-017
0
0
0
0
-2.77556e-017
0
0
0
0
-2.77556e-017
2.77556e-017
0
-2.77556e-017
0
-2.77556e-017
-2.77556e-017
2.77556e-017
0
0
0
0
0
0
2.77556e-017
0
0
-2.77556e-017
-2.77556e-017
0
2.77556e-017
1.38778e-017
0
0
1.38778e-017
-1.38778e-017
0
0
-6.93889e-018
0
0
0
-3.46945e-018
0
0
0
0
0
0
0
-6.93889e-018
0
0
0
0
-1.38778e-017
0
1.38778e-017
0
-2.77556e-017
0
0
0
0
0
0
2.77556e-017
0
0
0
-2.77556e-017
0
2.77556e-017
2.77556e-017
0
-2.77556e-017
2.77556e-017
0
0
2.77556e-017
0
0
-2.77556e-017
2.77556e-017
-2.77556e-017
-2.77556e-017
-2.77556e-017
0
0
0
0
0
-2.77556e-017
0
0
0
0
2.77556e-017
0
0
0
0
0
0
2.77556e-017
0
0
-2.77556e-017
0
0
0
0
-2.77556e-017
2.77556e-017
0
2.77556e-017
-2.77556e-017
0
2.77556e-017
0
0
-2.77556e-017
2.77556e-017
0
0
0
1.38778e-017
1.38778e-017
-1.38778e-017
0
0
1.38778e-017
1.38778e-017
1.38778e-017
1.38778e-017
0
1.38778e-017
0
0
0
-1.38778e-017
0
0
-1.38778e-017
0
0
-1.38778e-017
0
6.93889e-018
6.93889e-018
0
0
-6.93889e-018
-6.93889e-018
6.93889e-018
0
6.93889e-018
6.93889e-018
-6.93889e-018
0
-6.93889e-018
0
0
3.46945e-018
0
3.46945e-018
0
0
-3.46945e-018
-3.46945e-018
0
-3.46945e-018
0
-1.73472e-018
0
1.73472e-018
0
0
-1.73472e-018
0
8.67362e-019
-8.67362e-019
0
0
0
0
0
-4.33681e-019
0
0
0
-2.1684e-019
0
0
1.0842e-019
0
0
0
2.71051e-020
2.71051e-020
0
-6.77626e-021
0
0
0
0
1.03398e-025
5.29396e-023
4.23516e-022
0
0
0
0
0
0
-5.42101e-020
-5.42101e-020
1.0842e-019
-1.0842e-019
0
2.1684e-019
0
-2.1684e-019
0
-4.33681e-019
0
0
8.67362e-019
0
0
-8.67362e-019
0
8.67362e-019
0
0
-1.73472e-018
1.73472e-018
-1.73472e-018
1.73472e-018
-1.73472e-018
0
0
0
0
0
0
0
0
0
-3.46945e-018
0
-3.46945e-018
0
0
0
0
0
6.93889e-018
0
0
0
0
0
6.93889e-018
0
-6.93889e-018
0
0
0
-1.38778e-017
0
0
0
1.38778e-017
0
0
1.38778e-017
0
0
0
0
0
0
0
-1.38778e-017
0
0
-1.38778e-017
-2.77556e-017
2.77556e-017
0
0
0
0
0
0
0
0
0
0
0
2.77556e-017
0
0
0
0
0
-2.77556e-017
0
0
-2.77556e-017
0
2.77556e-017
0
0
0
0
0
0
0
0
0
0
2.77556e-017
0
2.77556e-017
0
0
-2.77556e-017
-2.77556e-017
0
2.77556e-017
2.77556e-017
2.77556e-017
0
0
0
0
2.77556e-017
0
-2.77556e-017
0
0
0
0
2.77556e-017
0
-2.77556e-017
0
0
0
2.77556e-017
0
0
1.38778e-017
-1.38778e-017
0
0
0
0
1.38778e-017
0
0
6.93889e-018
-3.46945e-018
0
-1.73472e-018
0
8.67362e-019
0
0
-6.93889e-018
-6.93889e-018
6.93889e-018
0
-1.38778e-017
-1.38778e-017
0
0
0
0
0
0
0
0
0
-2.77556e-017
2.77556e-017
0
2.77556e-017
0
0
0
2.77556e-017
0
2.77556e-017
2.77556e-017
2.77556e-017
0
-2.77556e-017
-2.77556e-017
0
0
2.77556e-017
-2.77556e-017
0
0
2.77556e-017
-2.77556e-017
-2.77556e-017
0
0
5.55112e-017
0
0
-2.77556e-017
0
0
0
-2.77556e-017
0
2.77556e-017
0
0
-2.77556e-017
0
2.77556e-017
0
0
0
0
0
0
0
-2.77556e-017
0
0
0
0
0
0
0
-2.77556e-017
0
0
0
2.77556e-017
0
0
0
1.38778e-017
1.38778e-017
-1.38778e-017
1.38778e-017
0
-1.38778e-017
-1.38778e-017
-1.38778e-017
0
0
-1.38778e-017
0
0
1.38778e-017
-1.38778e-017
-1.38778e-017
0
0
0
-6.93889e-018
-6.93889e-018
0
-6.93889e-018
-6.93889e-018
0
6.93889e-018
0
0
0
-6.93889e-018
0
-6.93889e-018
0
0
0
-3.46945e-018
0
3.46945e-018
0
0
3.46945e-018
0
0
3.46945e-018
0
-1.73472e-018
1.73472e-018
0
0
0
0
1.73472e-018
0
0
0
0
-8.67362e-019
-8.67362e-019
0
0
4.33681e-019
0
4.33681e-019
-2.1684e-019
0
0
-1.0842e-019
0
0
0
5.42101e-020
0
2.71051e-020
0
6.77626e-021
-3.38813e-021
0
0
0
4.1359e-025
0
0
0
-6.77626e-021
0
0
-2.71051e-020
0
-5.42101e-020
0
0
1.0842e-019
-2.1684e-019
0
-2.1684e-019
-4.33681e-019
0
4.33681e-019
-4.33681e-019
0
0
0
8.67362e-019
-8.67362e-019
8.67362e-019
0
0
0
0
0
0
1.73472e-018
-1.73472e-018
1.73472e-018
0
0
0
3.46945e-018
0
0
0
0
0
0
0
0
0
0
0
0
0
0
0
0
-6.93889e-018
0
0
0
0
0
0
0
0
-1.38778e-017
0
1.38778e-017
0
-1.38778e-017
0
0
0
0
0
-1.38778e-017
0
1.38778e-017
1.38778e-017
-1.38778e-017
0
0
0
0
0
0
2.77556e-017
0
-2.77556e-017
0
0
0
0
2.77556e-017
0
0
2.77556e-017
0
0
0
2.77556e-017
0
2.77556e-017
0
0
0
2.77556e-017
0
2.77556e-017
0
-2.77556e-017
0
2.77556e-017
0
0
0
-2.77556e-017
0
0
0
0
0
2.77556e-017
0
-2.77556e-017
0
0
0
0
-2.77556e-017
-2.77556e-017
0
2.77556e-017
-2.77556e-017
-2.77556e-017
0
0
0
0
2.77556e-017
0
0
0
0
0
0
2.77556e-017
0
0
-1.38778e-017
-1.38778e-017
0
-1.38778e-017
0
0
0
0
0
-6.93889e-018
0
0
-1.73472e-018
0
0
0
-3.46945e-018
0
0
0
0
1.38778e-017
0
0
0
0
1.38778e-017
1.38778e-017
2.77556e-017
0
2.77556e-017
0
0
0
0
0
0
-2.77556e-017
2.77556e-017
0
0
0
0
0
-2.77556e-017
0
0
-2.77556e-017
0
0
-2.77556e-017
0
0
0
0
-2.77556e-017
-5.55112e-017
0
-2.77556e-017
0
2.77556e-017
0
-2.77556e-017
-2.77556e-017
-2.77556e-017
0
2.77556e-017
-2.77556e-017
-2.77556e-017
2.77556e-017
-2.77556e-017
-2.77556e-017
2.77556e-017
0
0
0
2.77556e-017
0
0
0
0
0
0
0
0
0
-2.77556e-017
0
0
-2.77556e-017
0
0
0
0
0
1.38778e-017
1.38778e-017
0
-1.38778e-017
0
1.38778e-017
1.38778e-017
1.38778e-017
0
0
0
0
-1.38778e-017
1.38778e-017
1.38778e-017
-1.38778e-017
1.38778e-017
-1.38778e-017
0
-1.38778e-017
6.93889e-018
0
0
6.93889e-018
0
-6.93889e-018
0
0
-6.93889e-018
0
0
0
0
0
0
0
-3.46945e-018
3.46945e-018
3.46945e-018
0
-3.46945e-018
0
0
0
0
0
0
1.73472e-018
-1.73472e-018
-1.73472e-018
0
-1.73472e-018
0
-8.67362e-019
0
8.67362e-019
0
8.67362e-019
0
0
0
0
0
0
0
0
0
1.0842e-019
-1.0842e-019
0
0
0
0
0
-1.35525e-020
0
0
